x [*] :=
  1   0           36   0           71 109.338      106   0
  2   0           37   0           72   3.80372    107   0
  3   0           38   0.3822      73   3.92013    108  33.4687
  4   0           39   0.5733      74   0          109   9.53133
  5   0           40   0           75   0          110  10.2929
  6   0           41  53.1494      76   0          111   8.90713
  7  50           42  22.8545      77 134          112   0
  8   0           43   0.545455    78   0          113   0
  9 200           44   4.62694     79   0          114   6.1
 10   0           45   0           80  31          115   0
 11 190.662       46   0           81  60          116   9.79286
 12   0           47  35.1071      82   0          117 313.198
 13   0           48   4.79301     83   0          118   0
 14   0           49   2.94281     84 111.727      119 319.985
 15   0           50   0           85   0          120   0
 16   0           51   0.440751    86  51.9091     121  13.2
 17  21.8202      52  36.4743      87  34          122   0
 18   0           53  17.3763      88   0          123   1.31394
 19   0           54   0           89   0          124   0.503261
 20   7.75438     55   0           90   0          125   0
 21   0           56 108           91  41.5        126   0
 22   0           57   0           92   0          127   0
 23   0.521174    58   0           93  15.4788     128   0
 24   0           59   0           94   0          129   0
 25   0           60   0           95  15          130   0
 26   0           61  13           96   0          131   0
 27   0           62   0           97   0          132   0
 28   0           63   0           98   3.1        133  13.5
 29   2.90814     64   0           99   0          134   8.73706
 30   0           65   0          100   0.690909   135   0
 31   0           66 218.758      101   0          136  31.2
 32   0           67   5.95694    102  55.4312     137   0
 33   0           68  40.2855     103 120.015      138   0
 34   0           69   0          104   0
 35   0           70   0          105   9.80615
;

