x [*] :=
 1   0        12   0        23  84.8      34  19.3071   45   0
 2   0        13   0        24  18.2143   35 500        46   0
 3  61.7857   14   0        25   0        36 475.92     47   0
 4   0        15   0        26   0        37  24.08     48 339.943
 5   0        16   0        27   0        38   0        49 383.943
 6   0        17 378.46     28   0        39 215        50   0
 7   0        18  10.2      29   0        40   0        51   0
 8   0        19 280.693    30   0        41   0
 9 500        20  80        31   0        42   0
10   0        21  25.5      32  18.2143   43   0
11   0        22  54.5      33   0        44   0
;

