x [*] :=
  1   23996             206     753.306         411       0
  2    2133             207     222.205         412  847930
  3    6398.9           208     695.227         413  103110
  4    7998.6           209    1217.67          414  134000
  5   29328             210    1227.37          415       0
  6    7465.3           211     717.165         416  341780
  7   11731             212     510.321         417       0
  8    1599.7           213     461.437         418  285560
  9   40824             214     517.965         419   13701
 10   27216             215    1766.22          420       0
 11    6237             216     410.978         421      85.3669
 12    2835             217     593.245         422 2357260
 13    1701             218    1691.53          423   44104
 14    6479.7           219    1028.13          424       0
 15     540             220     914.312         425       0
 16     540             221    1020.43          426  148410
 17     540             222     675.882         427       0
 18    1080             223    3501.29          428  234020
 19     992.965         224    3504.06          429       0
 20     441.6           225       0             430 2949200
 21     549.432         226    3139.22          431       0
 22    2547.12          227    1876.16          432  891590
 23     726.035         228    1397.02          433   64533.6
 24    1295.5           229   18479.9           434  266586
 25    3012.25          230     557.706         435     161.328
 26     749.709         231    6398.9           436  342759
 27    1224.66          232       0             437       0
 28    1501.75          233   19192.7           438  469640
 29    1768.33          234       0             439   13701
 30    3864             235   11114.3           440    5400
 31    1449             236    1062.95          441     146.811
 32    3732.7           237   38769.6           442 2516050
 33    2649.6           238   25899.9           443   50104
 34   21330             239       0             444       0
 35    1896             240    2835             445       0
 36    5687.9           241    1486.69          446  220010
 37    7109.9           242       0             447     405.943
 38   26070             243     515.913         448  281614
 39    6635.9           244      81.6316        449   63456.6
 40   10428             245       0             450 4228540
 41    1422             246     386.621         451       0
 42   36288             247     557.785         452  841070
 43   24192             248     895.32          453       0
 44    5544             249     782.386         454       0
 45    2520             250       4.58977       455       0
 46    1512             251     621.421         456       0
 47    5759.8           252     572.728         457    1413.58
 48     480             253     454.514         458       0
 49     480             254    1505.2           459       0
 50     480             255    1747.71          460  232200
 51     960             256    1327.32          461       0
 52     641.109         257     411.014         462       0
 53     852.7           258     471.005         463       0
 54     854.718         259     387.025         464       0
 55     384             260    1223.94          465      16.8416
 56     571.578         261    1228.74          466  145427
 57     576             262    1843.07          467     161.328
 58     455.745         263      85.7014        468       0
 59    1485.67          264    1360.8           469       0
 60    2111.97          265    2918.06          470       5.04084
 61    1340.11          266    1016.43          471    5340.93
 62     432             267     320.437         472       0
 63     480             268      11.5916        473       0
 64     557.816         269     724.929         474       0
 65    1216.74          270     803.052         475  175059
 66    1103.92          271    1098.44          476   28269.9
 67    2029.67          272     213.705         477       0
 68     110.922         273     885.131         478   13640
 69    1202.24          274    1462.98          479   12090.6
 70    2575.18          275    1281.82          480    4120.12
 71    1084.19          276     751.7           481       0
 72     296.667         277     685.637         482       0
 73     288.014         278     649.801         483   25400
 74     632.332         279     684.461         484       3.06773e-07
 75    1005.96          280    1879.2           485       0
 76    1004.35          281     526.069         486       0
 77     347.266         282     647.659         487  236429
 78     946.232         283    1753.46          488  245377
 79    1288.42          284    1074.64          489  227307
 80    1311.35          285     980.172         490       0
 81     665.147         286    1074.18          491       0
 82     630.394         287     726.141         492  197523
 83     625.201         288    3664.44          493  205006
 84     639.13          289    3510.53          494  189905
 85    1665.83          290       0             495       0
 86     542.142         291    2755.25          496       0
 87     703.095         292    1876.92          497       0
 88    1567.99          293    1355.67          498       0
 89     970.461         294   22218             499       0
 90     892.548         295     515.69          500       0
 91     973.24          296    5924.9           501   68200
 92     665.359         297    6413.98          502   12000
 93    3960             298   25371.3           503       0
 94    3360             299       0             504       0
 95    1260             300   10444.5           505       0
 96    3317.9           301    1481.2           506       0
 97    1728             302   35263.1           507       0
 98    2304             303   23980.8           508       0
 99   18532.4           304       0             509       0
100    1490.27          305    2625             510   99890
101    1750.1           306    1317.27          511   25300
102    7476.25          307    1487.5           512      -3.02204e-12
103   28059             308     123.953         513       0
104    4422.68          309      23.5259        514       0
105   11097.5           310       0             515  150024
106    1530.22          311     282.535         516       0
107   39015.6           312     530.761         517       0
108   25199.4           313     854.601         518       0
109    3694.98          314     742.986         519       0
110    2248.42          315       0             520       0
111    1603.76          316     593.384         521   29956.3
112    6239.7           317     545.396         522   30405.9
113     520             318     433.85          523       0
114      68.7488        319    1432.87          524       0
115       0             320    1667.79          525   68537
116    1040             321    1267.12          526  825769
117     583.565         322     391.2           527       0
118     842.154         323     447.996         528       0
119     812.212         324     370.178         529       0
120       0             325    1165.42          530       0
121     581.476         326    1176.51          531       0
122     560.574         327    2112.81          532       0
123     414.632         328      72.2394        533       0
124    1480.11          329    1260             534       0
125    1628.53          330    2763.22          535       0
126    1264.85          331    1165.25          536  955094
127     401.929         332     294.994         537   63456.6
128     471.604         333     342             538       0
129     378.28          334     683.248         539       0
130    1189.77          335    1046.95          540  118070
131    1117.7           336    1101.94          541  216340
132    2019.03          337     360.646         542  310520
133     104.003         338    1044             543       0
134    1263.59          339    1375.22          544       0
135    2609.44          340    1392             545       0
136    1038.99          341     696             546       0
137     315.15          342     696             547       0
138     202             343     696             548     774.775
139     627.812         344     694.455         549    1830.82
140     986.847         345    1740             550    1900.98
141     945.433         346     563.271         551    1760.63
142     314.638         347     738.704         552      98.1171
143     918.569         348    1623.61          553    1235.83
144    1320.94          349     992.413         554     251.728
145    1352.51          350     902.568         555     233.072
146     705.092         351     991.069         556       0
147     616.218         352     668.065         557       0
148     600.461         353    3914.88          558       0
149     612.35          354    3282.53          559     994.945
150    1775.76          355    1163.37          560    2171.39
151     526.43          356    3425.41          561    3154.81
152     696.018         357    1814.4           562    2221.19
153    1692.61          358    1326.11          563       0
154     999.403         359       0             564       0
155     935.479         360   56200             565    3399.38
156    1009.66          361       0             566    2679.09
157     684.056         362  245710             567    1704.03
158    4127.31          363       0             568     313.863
159    3511.91          364 1201600             569    2408.23
160    1116.57          365       0             570   11456.5
161    3289.17          366   78000             571       0
162    1814.4           367       0             572     292.412
163    2289.01          368  180000             573     726.554
164   18260.4           369       0             574     826.498
165     225.757         370 1391200             575     966.815
166    3554.29          371       0             576     233.573
167       0             372  450000             577    1343.07
168   16962.2           373       0             578       2.05656e-08
169       0             374   98200             579       0
170    9704.58          375       0             580       0
171    1372.09          376  377140             581       0
172   38121.4           377       0             582       0
173   23655.5           378  142820             583       0
174       0             379       0             584       0
175    1819.36          380   16000             585       0
176    1513.67          381       0             586       0
177    5590.24          382 1984800             587       0
178     520             383       0             588       0
179      71.0139        384   34200             589       0
180       0             385       0             590       0
181     963.592         386  155200             591       0
182     530.137         387       0             592       0
183     895.032         388  258000             593       0
184     758.485         389       0             594       0
185       0             390 2415000             595       0
186     600.336         391       0             596       0
187     568.185         392  706000             597       0
188     455.613         393  143109             598       0
189    1464.32          394       0             599       0
190    1720.37          395      21.8825        600       0
191    1319.54          396  491408             601       0
192     407.589         397       0             602       0
193     464.327         398  275070             603       0
194     343.406         399       0             604       0
195    1195.04          400   20400             605       0
196    1006.43          401      42.2478        606       0
197    1702.83          402 2235650             607       0
198      87.8924        403       0             608       0
199    1284.42          404   54200             609       0
200    2418.99          405       0             610       0
201     767.325         406  114510             611       0
202     311.049         407      33.7067        612       0
203       0             408  185976             613       0
204     550.085         409       0             614       0
205     816.297         410 3567260             615       0
;

