0.231 0.585 0.787 0.675   1.0
0.714 0.839 0.165 0.887   1.0
0.457 0.452 0.624 0.663   1.0
0.430 0.670 0.312 0.796   1.0
0.312 0.254 0.339 0.466   -1.0
0.320 0.653 0.110 0.041   -1.0
0.649 0.064 0.396 0.970   1.0
0.690 0.202 0.637 0.476   1.0
0.460 0.424 0.684 0.779   1.0
0.885 0.046 0.230 0.089   -1.0
0.746 0.862 0.570 0.228   1.0
0.221 0.109 0.807 0.113   -1.0
0.032 0.145 0.810 0.722   -1.0
0.276 0.848 0.242 0.758   1.0
0.462 0.673 0.263 0.798   1.0
0.446 0.570 0.438 0.904   1.0
0.161 0.241 0.084 0.187   -1.0
0.841 0.768 0.270 0.429   1.0
0.316 0.065 0.873 0.659   -1.0
0.975 0.341 0.016 0.637   -1.0
0.798 0.807 0.876 0.595   1.0
0.417 0.486 0.186 0.251   -1.0
0.860 0.305 0.337 0.289   -1.0
0.709 0.553 0.122 0.131   -1.0
0.965 0.073 0.097 0.905   1.0
0.612 0.948 0.354 0.020   -1.0
0.876 0.385 0.182 0.115   1.0
0.174 0.855 0.644 0.730   1.0
0.382 0.158 0.065 0.645   -1.0
0.377 0.758 0.073 0.997   1.0
0.962 0.882 0.050 0.578   1.0
0.349 0.039 0.510 0.225   -1.0
0.113 0.745 0.596 0.266   -1.0
0.416 0.091 0.479 0.310   -1.0
0.407 0.963 0.831 0.339   1.0
0.782 0.827 0.968 0.153   -1.0
0.398 0.218 0.729 0.587   -1.0
0.449 0.008 0.205 0.100   -1.0
0.771 0.280 0.085 0.663   -1.0
0.268 0.954 0.941 0.835   1.0
0.323 0.278 0.994 0.620   1.0
0.879 0.604 0.576 0.071   1.0
0.054 0.070 0.883 0.501   -1.0
0.873 0.226 0.503 0.089   -1.0
0.479 0.581 0.625 0.548   1.0
0.870 0.878 0.614 0.592   1.0
0.890 0.213 0.743 0.317   1.0
0.588 0.685 0.989 0.020   1.0
0.279 0.424 0.630 0.150   -1.0
0.387 0.743 0.640 0.013   -1.0
