  1         3.51        1.92        1.90        1.25        2.52
  2         4.21        2.32        2.02        1.67        2.95
  3         4.65        2.55        2.14        2.03        3.13
  4         5.03        2.71        2.23        2.33        3.35
  5         5.74        3.02        2.47        2.63        3.74
  6         5.74        3.02        2.47        2.63        3.74
  7         5.96        3.12        2.50        2.89        3.86
  8         6.21        3.23        2.71        2.96        3.99
  9         6.77        3.64        3.03        3.22        4.12
 10         7.11        3.96        3.12        3.44        4.10
 11         7.21        4.06        3.17        3.49        4.12
 12         7.21        4.06        3.17        3.49        4.12
 13         7.59        4.23        3.38        3.62        4.32
 14         7.98        4.43        3.54        3.79        4.50
 15         7.98        4.43        3.54        3.79        4.50
 16         7.98        4.43        3.54        3.79        4.50
 17         7.98        4.43        3.54        3.79        4.50
 18         7.98        4.43        3.54        3.79        4.50
 19         7.98        4.43        3.54        3.79        4.50
 20         8.03        4.47        3.53        3.84        4.52
